1;0;0.331005683434983;1
1;0.615384615384615;0.648304176166259;1
0;0.0769230769230769;0.813730474298725;1
0;0.384615384615385;0.443671932242411;1
1;0.769230769230769;0.0880791451653062;0.164331210191083
0;0.0769230769230769;0.134047289496176;0.368152866242038
0;0.230769230769231;0.901542774626175;1
1;0.769230769230769;0.0805834294899965;0.159235668789809
1;0.0769230769230769;0.739396567333937;1
0;0.923076923076923;0.720468539127984;1
1;0.538461538461538;0.805099584099924;1
1;0.615384615384615;0.680958870007306;1
1;0;0.82002637134508;1
1;0;0.0254238699656811;0.00636942675159236
0;0.384615384615385;0.791718720720661;1
0;0.230769230769231;0.807619095584572;1
0;0.923076923076923;0.634439569595885;1
1;0.615384615384615;0.370329414902369;1
0;0.846153846153846;0.570024662180381;1
0;0.692307692307692;0.229598900884377;0.862420382165605
1;0.0769230769230769;0.426328732363101;1
0;0.769230769230769;0.720201166443983;1
1;0.461538461538462;0.586974610807173;1
0;0.923076923076923;0.195453419623638;0.727388535031847
1;0.153846153846154;0.300473142685065;1
0;0;0.459279827818403;1
1;1;0.380442824923158;1
0;0.153846153846154;0.210977229979523;0.961783439490446
1;0.230769230769231;0.961819149551974;1
1;0.846153846153846;0.63433711909597;1
1;1;0.0536644143300582;0.101910828025478
1;0.769230769230769;0.123234944058434;0.356687898089172
0;0.692307692307692;0.827752183352558;1
1;0.538461538461538;0.0715101429478919;0.149044585987261
1;0.615384615384615;0.820476082434662;1
1;0;0.245614993156514;0.975796178343949
0;0.461538461538462;0.259194943767934;0.964331210191083
1;0.153846153846154;0.27292421463096;0.998726114649681
1;0.0769230769230769;0.534601627902295;1
1;0;0.898158571268113;1
0;1;0.561244442596491;1
0;0.538461538461538;0.546230185250584;1
1;0.769230769230769;0.951876291941805;1
1;0.692307692307692;0.433786274617007;1
0;1;0.545411524307713;1
1;0.384615384615385;0.726172288587023;1
1;0.0769230769230769;0.273646493180534;0.998726114649681
1;0.615384615384615;0.837867788199929;1
1;1;0.135372365371023;0.36687898089172
0;1;0.0786700453960639;0
1;0.384615384615385;0.346605076495554;1
0;0.307692307692308;0.364068496463385;1
1;0.461538461538462;0.785092438074546;1
0;0.461538461538462;0.902148237707104;1
1;1;0.279642030960114;1
0;0.0769230769230769;0.198061437470001;0.973248407643312
0;0.769230769230769;0.469094953772414;1
0;0;0.102307329981421;0.161783439490446
1;0.692307692307692;0.570544430428985;1
0;0.692307692307692;0.352875864697064;1
1;0.230769230769231;0.517047160558246;1
1;0.923076923076923;0.418786319470108;1
0;0.153846153846154;0.471887513507412;1
1;0.307692307692308;0.905609031300859;1
0;0.692307692307692;0.765889280146293;1
0;0.846153846153846;0.123242075208372;0.165605095541401
0;0;0.468883380270731;1
1;0;1;1
0;0.461538461538462;0.309961844364206;1
1;0.0769230769230769;0.620515622162544;1
0;0;0.503342500688843;1
0;0.384615384615385;0.284496346882209;1
1;0.692307692307692;0.0235833433586301;0.00509554140127389
1;0.692307692307692;0.888744721933064;1
1;0.538461538461538;0.989933632993166;1
0;0.307692307692308;0.633249638152907;1
0;0.461538461538462;0.0966890312606402;0.165605095541401
0;0;0.837966723194912;1
1;0.923076923076923;0.604734137952429;1
0;1;0.890096683305122;1
1;0.923076923076923;0.402480126549058;1
1;0.230769230769231;0.724741988302451;1
0;0.923076923076923;0.293568687025276;1
1;0.307692307692308;0.73874400185582;1
0;0.538461538461538;0.121452529583755;0.16687898089172
1;0.0769230769230769;0.282995120149157;1
0;0.0769230769230769;0.557269748357824;1
0;0.769230769230769;0.283151524098077;1
0;0.230769230769231;0.7499172714254;1
0;0;0.716170524795478;1
0;0.846153846153846;0.786780898394144;1
0;0;0.189952127013477;0.979617834394904
0;0.846153846153846;0.630256623336979;1
1;0.692307692307692;0.221100870187113;0.815286624203822
0;0.153846153846154;0.555553458451402;1
0;0.153846153846154;0.669021041254426;1
0;1;0.902299387224173;1
0;0.846153846153846;0.151870099759794;0.638216560509554
0;0.692307692307692;0.76899197100858;1
1;0.230769230769231;0.309211312216372;1
0;0.153846153846154;0.783065976505133;1
1;0.230769230769231;0.0448293605639077;0.0573248407643312
0;0.692307692307692;0.0280200766868765;0.00509554140127389
1;0.153846153846154;0.955483537907397;1
0;0.538461538461538;0.431668031620848;1
0;0.692307692307692;0.102865416480549;0.161783439490446
0;1;0.433918362794608;1
0;0.923076923076923;0.367419412952373;1
1;0.769230769230769;0.0490608313912528;0.0764331210191083
0;0.769230769230769;0.463604599703574;1
1;0.615384615384615;0.730579341158355;1
0;0;0.230338226354563;0.963057324840764
1;0.615384615384615;0.476235097237484;1
0;0.538461538461538;0.544909440869433;1
0;1;0.11998125356723;0.16687898089172
0;0.769230769230769;0.836371530061461;1
0;0.384615384615385;0.693663284198222;1
1;0.538461538461538;0.98415513983888;1
1;0.846153846153846;0.593752082839014;1
0;0.461538461538462;0.0806494419691522;0.159235668789809
0;1;0.496336520866528;1
0;0.769230769230769;0.692460970944851;1
1;0.615384615384615;0.0204841002127578;0.0038216560509554
1;0.384615384615385;0.594435049219707;1
0;0.615384615384615;0.2629293717456;0.973248407643312
1;0;0.152604737824611;0.791082802547771
1;0.769230769230769;0.334934006903388;1
0;0.538461538461538;0.126033273247069;0.164331210191083
1;0.153846153846154;0.525987295533351;1
1;0.846153846153846;0.503926669930708;1
1;0.0769230769230769;0.665423056837448;1
1;0.0769230769230769;0.477617708914623;1
0;0.615384615384615;0.24068660813419;0.90828025477707
0;0.923076923076923;0.324882782608196;1
0;0;0.132857428684852;0.369426751592357
1;0.153846153846154;0.771585358429968;1
1;0.692307692307692;0.739579621003038;1
0;0;0.842652108157807;1
0;0.153846153846154;0.139138254899697;0.394904458598726
1;0.384615384615385;0.487415754089056;1
0;0.615384615384615;0.311385255937435;1
0;0.230769230769231;0.0928488182772713;0.16687898089172
1;0.538461538461538;0.00968789938745139;0.00254777070063693
1;1;0.312257814586291;1
1;0.461538461538462;0.805009035132413;1
1;0.923076923076923;0.431415605118577;1
0;0.461538461538462;0.304997598954454;1
0;0.307692307692308;0.782492556523269;1
1;0.0769230769230769;0.821850662146826;1
1;0.692307692307692;0.945522215909349;1
0;1;0.802328318346175;1
1;0.461538461538462;0.542845035306203;1
1;0;0.272698947877852;0.997452229299363
1;0.769230769230769;0.100488271828577;0.163057324840764
0;0.230769230769231;0.50434854421147;1
1;0.153846153846154;0.999613262945595;1
1;0.461538461538462;0.395357503989501;1
0;0.769230769230769;0.511870192754466;1
1;0.769230769230769;0.32629256267702;1
1;0.307692307692308;0.916744697164854;1
0;1;0.386873238115721;1
0;0.615384615384615;0.00803632748459216;0.00127388535031847
0;0.461538461538462;0.240061805212424;0.905732484076433
0;0.538461538461538;0.938059093407091;1
1;0.0769230769230769;0.971277096439144;1
1;0.307692307692308;0.0418854607117495;0.0471337579617834
0;0.769230769230769;0.896317683072525;1
0;0.538461538461538;0.356658980806387;1
0;1;0.0608207288939128;0.00509554140127389
1;0;0.402280163383645;1
0;0.538461538461538;0.985597208685113;1
1;0.923076923076923;0.259827735808872;0.965605095541401
0;0;0.915030782879612;1
1;0.461538461538462;0.630723303323182;1
0;0.230769230769231;0.0170365615184268;0.0038216560509554
0;0.461538461538462;0.495920989848391;1
0;0.384615384615385;0.50333420926529;1
0;0.615384615384615;0.64198647809578;1
1;0.846153846153846;0.854128379081571;1
0;0.0769230769230769;0.0245187704112419;0.00509554140127389
0;0.538461538461538;0.586507980670836;1
0;0.307692307692308;0.200655871783837;0.740127388535032
1;0.769230769230769;0.0393113727180112;0.0394904458598726
1;0.384615384615385;0.00824238231689158;0.00127388535031847
1;1;0.853275694967037;1
0;0.923076923076923;0.290282572722124;1
1;0;0.126421426887063;0.377070063694267
1;0.230769230769231;0.638469248239962;1
0;0.846153846153846;0.233618751804674;0.880254777070064
0;0.153846153846154;0.828493976488922;1
1;0.692307692307692;0.0346071525892097;0.0267515923566879
1;0.846153846153846;0.859123946433947;1
1;0.692307692307692;0.504737130380756;1
1;1;0.364719956735601;1
0;0.923076923076923;0.204468782074057;0.75031847133758
1;0.923076923076923;0.424965152981748;1
1;0.153846153846154;0.220454147999487;0.954140127388535
1;0.307692307692308;0.591610783168045;1
0;0.384615384615385;0.257393653000002;0.959235668789809
1;0.307692307692308;0.534081541547009;1
1;0.538461538461538;0.439958506089905;1
1;0.307692307692308;0.118307466739179;0.317197452229299
0;0.461538461538462;0.100800480208773;0.163057324840764
0;0.538461538461538;0.103949465628427;0.161783439490446
1;0.692307692307692;0.702907902748459;1
1;0.538461538461538;0.91626031662863;1
0;0.846153846153846;0.736064758400769;1
1;0.384615384615385;0.305065605898232;1
0;0.692307692307692;0.00322148753113303;0.00127388535031847
0;0.384615384615385;0.646685830541091;1
0;0.230769230769231;0.248913554985354;0.935031847133758
1;0.615384615384615;0.969130523889436;1
1;0.692307692307692;0.546991365979591;1
0;0.230769230769231;0.220834452664874;0.814012738853503
0;0.461538461538462;0.377455310264107;1
0;0.923076923076923;0.00390629552213643;0.00127388535031847
1;0.384615384615385;0.228555612568686;0.960509554140127
0;0.846153846153846;0.802697210205055;1
1;0.923076923076923;0.879636476281616;1
1;0.923076923076923;0.218253586789627;0.801273885350318
0;0.384615384615385;0.628639401527323;1
0;0.384615384615385;0.418898122966764;1
1;0.846153846153846;0.0468054706059559;0.064968152866242
1;0.846153846153846;0;0
0;0.923076923076923;0.466094015838773;1
0;0.0769230769230769;0.856389414432138;1
0;0.615384615384615;0.410903938757186;1
1;0.0769230769230769;0.977373267670094;1
0;0.384615384615385;0.214520495962597;0.784713375796178
1;1;0.43978769693905;1
0;0.846153846153846;0.222205174410948;0.821656050955414
1;0.0769230769230769;0.200581397864485;0.970700636942675
0;0.538461538461538;0.853996511363994;1
1;0.384615384615385;0.283039614211843;1
1;0.0769230769230769;0.296778854804809;1
1;0.0769230769230769;0.986703366147227;1
1;0.307692307692308;0.800087377812992;1
0;0.923076923076923;0.671485836700384;1
1;0.615384615384615;0.723828888632237;1
0;0.923076923076923;0.311370638822464;1
1;0.230769230769231;0.768372718605774;1
1;0.538461538461538;0.624532454632777;1
1;0;0.384306339540961;1
0;0.230769230769231;0.601369619768274;1
0;1;0.517060586533421;1
1;0.230769230769231;0.563338355903851;1
0;0.230769230769231;0.15988927560296;0.672611464968153
1;0.461538461538462;0.304907514606219;1
0;0.538461538461538;0.478477451651095;1
0;0.692307692307692;0.363678563523913;1
1;0.692307692307692;0.76053545201365;1
1;0.153846153846154;0.296297489640699;1
1;1;0.629327239394629;1
1;1;0.308320852938758;1
1;0.307692307692308;0.0824122538927115;0.160509554140127
0;0.384615384615385;0.888488341286203;1
0;0.384615384615385;0.69599957930705;1
0;0.384615384615385;0.140264241246859;0.231847133757962
1;0.0769230769230769;0.377791194639993;1
0;0.153846153846154;0.660974170496505;1
1;0.692307692307692;0.491812400900943;1
0;0.692307692307692;0.549515662755108;1
1;0.384615384615385;0.429128533627218;1
0;0.692307692307692;0.154228715876294;0.650955414012739
1;0.384615384615385;0.231874187367522;0.964331210191083
1;0.230769230769231;0.167861035137709;0.997452229299363
1;0.153846153846154;0.00879403158153713;0.00254777070063693
0;0.230769230769231;0.63841459820543;1
0;0.461538461538462;0.754806852843885;1
1;0.846153846153846;0.953878754556882;1
1;0.153846153846154;0.691868671860763;1
0;0.846153846153846;0.902284821314846;1
1;0.461538461538462;0.838244137983669;1
1;0.923076923076923;0.563243406978106;1
0;0.307692307692308;0.231842130466619;0.872611464968153
0;1;0.685944147915974;1
0;0.153846153846154;0.606168342176625;1
0;0.230769230769231;0.395418521797881;1
1;0.384615384615385;0.426266920986871;1
1;0.538461538461538;0.635988118449983;1
0;0.769230769230769;0.624291557893031;1
1;0.923076923076923;0.944656443967221;1
1;0;0.755609028455164;1
0;0.461538461538462;0.549811408176388;1
1;0.615384615384615;0.592904053595065;1
0;0.692307692307692;0.858710037116252;1
1;0;0.470711967400164;1
0;0.692307692307692;0.868315964228545;1
0;0.230769230769231;0.669896188811307;1
1;0.769230769230769;0.829232231224999;1
1;1;0.651524815147692;1
0;0.153846153846154;0.690550559106185;1
0;0.0769230769230769;0.916156749206503;1
0;0.307692307692308;0.149047028336476;0.617834394904458
1;0.769230769230769;0.68311493801017;1
1;0.0769230769230769;0.721700144626382;1
1;0.846153846153846;0.652942806342777;1
0;0.692307692307692;0.735579198949264;1
1;0.692307692307692;0.627795220011202;1
1;0.692307692307692;0.413793172445493;1
1;0.846153846153846;0.425714014389355;1
0;0.538461538461538;0.838646685928783;1
0;1;0.316839897321932;1
1;0.461538461538462;0.0131183101013843;0.00254777070063693
1;0.769230769230769;0.602426482510831;1
0;0.384615384615385;0.895511630731044;1
0;0.0769230769230769;0.40595545055316;1
0;0.692307692307692;0.41612148746574;1
0;0.692307692307692;0.723276337137284;1
1;0.461538461538462;0.0736375050258962;0.151592356687898
1;0.615384615384615;0.923779463889833;1
1;0.615384615384615;0.224152006274399;0.83312101910828
1;0.153846153846154;0.0900993196325512;0.313375796178344
1;0.230769230769231;0.0465358262635867;0.0636942675159236
0;0.692307692307692;0.869633308184845;1
0;0.307692307692308;0.743597401646931;1
1;0.153846153846154;0.109974876979395;0.368152866242038
1;0.615384615384615;0.779351871596414;1
1;0.769230769230769;0.920567115871491;1
1;0.0769230769230769;0.969767113277269;1
1;0.615384615384615;0.923217172763622;1
0;0.846153846153846;0.472763822046793;1
1;0.538461538461538;0.834593303333253;1
0;0.538461538461538;0.629134819690659;1
0;1;0.670273209056046;1
1;0;0.380297109065291;1
0;1;0.278027367882887;1
0;0.0769230769230769;0.605149150728238;1
1;0;0.182682914817958;0.985987261146497
1;0.461538461538462;0.590890602915235;1
1;0.0769230769230769;0.233655083836281;0.965605095541401
1;0.692307692307692;0.302602212274364;1
0;0.230769230769231;0.269804405176551;0.988535031847134
0;0.692307692307692;0.279522807325081;1
1;0.923076923076923;0.37663146330632;1
1;0.846153846153846;0.711466110806143;1
0;0.615384615384615;0.910135741364462;1
0;0.692307692307692;0.525030019001174;1
0;0.0769230769230769;0.822779356523066;1
0;0;0.0597194476762608;0.12484076433121
0;0.538461538461538;0.502941991279412;1
1;0;0.529710661465142;1
0;0.461538461538462;0.632964478320262;1
0;0.615384615384615;0.0711020799351744;0.00254777070063693
0;0.384615384615385;0.324709883956829;1
0;0.384615384615385;0.495771712241043;1
0;0.769230769230769;0.815647209771897;1
0;0.923076923076923;0.208718956023594;0.763057324840764
0;0.923076923076923;0.952026307498189;1
1;1;0.638712821436626;1
0;0;0.417018808306568;1
1;0.0769230769230769;0.396378292916699;1
0;0.615384615384615;0.102521957836193;0.159235668789809
0;0.692307692307692;0.237495035876087;0.895541401273885
0;0.769230769230769;0.563912756343928;1
0;0.153846153846154;0.711360408603264;1
1;0.153846153846154;0.794958588214221;1
0;0.846153846153846;0.124007403865849;0.165605095541401
1;0.461538461538462;0.0819506633979026;0.160509554140127
0;0.538461538461538;0.170641726334119;0.690445859872611
1;0.461538461538462;0.885357010112293;1
1;0.230769230769231;0.429052555442791;1
1;0.384615384615385;0.750378831572627;1
1;1;0.418181835412835;1
1;0;0.607653150918703;1
0;0.461538461538462;0.417378523575934;1
0;0.153846153846154;0.566850861185399;1
0;0.923076923076923;0.903234024079919;1
0;0.846153846153846;0.86292403143126;1
1;0.153846153846154;0.959737720588144;1
0;0.384615384615385;0.126539019467954;0.164331210191083
0;0.230769230769231;0.530048293535724;1
0;0.384615384615385;0.817753217020693;1
0;0.923076923076923;0.613354695334392;1
0;0.461538461538462;0.188204678245351;0.713375796178344
1;0.384615384615385;0.676577055346566;1
1;0.307692307692308;0.186074480214876;0.98343949044586
0;0.384615384615385;0.740794193342371;1
0;0.230769230769231;0.805795603874996;1
0;0.153846153846154;0.256143764606829;0.984713375796178
1;0.461538461538462;0.646662762939255;1
1;0.384615384615385;0.672572700640728;1
1;0.615384615384615;0.474110529400374;1
1;0.461538461538462;0.383759398877244;1
1;0.769230769230769;0.65017003888459;1
0;0.230769230769231;0.349672478060616;1
0;0.538461538461538;0.656694850211674;1
1;0.769230769230769;0.36974891760313;1
1;0.461538461538462;0.587729209726283;1
0;0.384615384615385;0.693549120305709;1
0;0.692307692307692;0.36775633996323;1
1;0.923076923076923;0.0231659881230572;0.00509554140127389
0;0.538461538461538;0.164071988925291;0.684076433121019
0;1;0.824416758350377;1
0;0.384615384615385;0.407807380810463;1
1;0.307692307692308;0.382209131842032;1
1;0.692307692307692;0.308941315455782;1
0;1;0.443392009640848;1
0;0.230769230769231;0.480422753907486;1
0;0.769230769230769;0.688856130956292;1
1;0.307692307692308;0.95812020718661;1
0;0.230769230769231;0.668995972349185;1
0;0.461538461538462;0.606119453137897;1
1;0.153846153846154;0.279158963523633;1
0;0.384615384615385;0.526660515050151;1
0;0.461538461538462;0.167963201880781;0.687898089171974
1;0.0769230769230769;0.563606596235592;1
0;1;0.780761146217784;1
0;0.615384615384615;0.442886285839562;1
1;0;0.0728188761883475;0.15031847133758
1;0.153846153846154;0.555953856778218;1
0;0.153846153846154;0.571646612795242;1
1;0.538461538461538;0.0691188202878127;0.145222929936306
1;0.0769230769230769;0.591959452204463;1
1;0.0769230769230769;0.372304542162706;1
1;0.230769230769231;0.371781498365739;1
0;0.692307692307692;0.840421253734547;1
0;0.923076923076923;0.846970024026139;1
1;0.769230769230769;0.371450835400143;1
0;0.692307692307692;0.243986813324175;0.919745222929936
1;0.538461538461538;0.717585421470871;1
1;0.615384615384615;0.067241406593479;0.14140127388535
1;0.538461538461538;0.41792693679415;1
1;0.153846153846154;0.750046945646893;1
0;0.923076923076923;0.760811407739269;1
1;0.461538461538462;0.245868359380285;0.975796178343949
0;0.0769230769230769;0.144155777066902;0.462420382165605
1;0.461538461538462;0.396437723317273;1
1;1;0.126508995957573;0.36687898089172
0;0.923076923076923;0.323598407456113;1
0;0.692307692307692;0.596918486825695;1
1;0.153846153846154;0.691297688670376;1
0;0.846153846153846;0.42684957051636;1
0;0.461538461538462;0.516746388504451;1
1;0.923076923076923;0.892986654239548;1
1;0.615384615384615;0.42526157365381;1
0;0.538461538461538;0.149621300107742;0.622929936305732
0;0.0769230769230769;0.263627573661995;0.991082802547771
0;0.230769230769231;0.359367903128885;1
1;0.769230769230769;0.375928033152476;1
0;0.230769230769231;0.445808607935424;1
0;0.153846153846154;0.555026191619437;1
0;0.846153846153846;0.101712539370292;0.155414012738853
1;0.615384615384615;0.811929875645813;1
1;0.384615384615385;0.129473316224338;0.370700636942675
1;0.384615384615385;0.373246315826719;1
1;0.230769230769231;0.298251264984852;1
0;0.692307692307692;0.194311334964302;0.72484076433121
0;0.846153846153846;0.0166511420018386;0.0038216560509554
0;0;0.906445546444656;1
0;0.384615384615385;0.611048490422643;1
0;0.692307692307692;0.49861298256917;1
0;0.615384615384615;0.338897530142576;1
0;0.0769230769230769;0.571635375267816;1
0;0.846153846153846;0.16816330095883;0.687898089171974
1;1;0.0150075654669078;0.00254777070063693
0;0.769230769230769;0.336543124447665;1
1;0.461538461538462;0.65634025719578;1
0;0;0.790488295869578;1
1;0.923076923076923;0.475720611553625;1
0;0.153846153846154;0.781812351852906;1
0;0.230769230769231;0.451146797769655;1
0;0.153846153846154;0.663564047375979;1
0;0.923076923076923;0.754387003195415;1
0;0.769230769230769;0.737708753152164;1
0;0.923076923076923;0.552683276445271;1
1;0;0.546465422723055;1
1;0.307692307692308;0.624016192852937;1
1;0.923076923076923;0.514079883287495;1
1;0.0769230769230769;0.0714747481293175;0.149044585987261
0;1;0.558419175608462;1
0;0.0769230769230769;0.475256253397188;1
0;0.923076923076923;0.661149726527115;1
0;0.0769230769230769;0.787803176648254;1
0;1;0.440275088494077;1
1;0.923076923076923;0.111223937047709;0.184713375796178
1;0.153846153846154;0.92342513789961;1
0;0.923076923076923;0.134743368743609;0.160509554140127
1;0.384615384615385;0.801135580387689;1
0;0.692307692307692;0.861488073272066;1
1;0.692307692307692;0.339429198301714;1
1;1;0.785530460628093;1
0;0.0769230769230769;0.77591797661591;1
0;1;0.371065436670212;1
1;0.923076923076923;0.558470258497143;1
0;0.307692307692308;0.659054849424186;1
1;0.692307692307692;0.53744738893417;1
0;0.153846153846154;0.47462137741163;1
0;0.615384615384615;0.209674302440166;0.76687898089172
1;0.307692307692308;0.758540233179312;1
1;1;0.665334963492753;1
0;0.384615384615385;0.710499325118308;1
1;0.153846153846154;0.320859609261209;1
1;0.615384615384615;0.714600017994181;1
1;0.384615384615385;0.816392099621375;1
1;0.615384615384615;0.844022524053309;1
0;0.0769230769230769;0.336829560093214;1
0;0.615384615384615;0.405043818866221;1
1;0.461538461538462;0.66234042462295;1
0;0.692307692307692;0.537072916620638;1
0;0.923076923076923;0.730567890655233;1
0;0.615384615384615;0.780969755288951;1
0;0.538461538461538;0.453353528856763;1
0;0.461538461538462;0.759336517522514;1
1;0.846153846153846;0.700652627879104;1
0;0.769230769230769;0.565308361508232;1
1;1;0.263541626493914;0.974522292993631
0;0.538461538461538;0.676522429359209;1
0;0.769230769230769;0.468184499899228;1
0;1;0.311348768716057;1
1;0.615384615384615;0.302889651021224;1
1;0.0769230769230769;0.78623901785414;1
0;0.692307692307692;0.913881513918977;1
1;0.230769230769231;0.302399359969132;1
1;0.307692307692308;0.514363996323957;1
1;0.461538461538462;0.205403694070142;0.96687898089172
0;0.0769230769230769;0.0741348179821031;0.151592356687898
1;0.384615384615385;0.197203540869133;0.973248407643312
0;0.846153846153846;0.200017087796852;0.738853503184713
1;0.0769230769230769;0.227923938632177;0.960509554140127
0;0.923076923076923;0.587476869853753;1
0;0.461538461538462;0.0926592609801663;0.16687898089172
0;0;0.585111663803267;1
1;0.769230769230769;0.0907097558577695;0.165605095541401
1;0;0.652540295216895;1
0;0;0.142596016659153;0.439490445859873
1;0.307692307692308;0.276621163044304;1
1;1;0.56540361866474;1
1;0.153846153846154;0.985303016142904;1
0;0;0.345724110066727;1
0;0.692307692307692;0.113271524834879;0.161783439490446
0;0;0.895559462695339;1
1;0.846153846153846;0.678659124687876;1
1;0.692307692307692;0.448680477390315;1
0;0.846153846153846;0.653317690560288;1
0;0.0769230769230769;0.66198694843293;1
0;0.692307692307692;0.66848564865522;1
1;0.538461538461538;0.811810435600244;1
0;0.923076923076923;0.613020991381752;1
0;0.384615384615385;0.898558500571874;1
0;0.384615384615385;0.608858011286267;1
0;0.384615384615385;0.930944322083498;1
0;0.846153846153846;0.367479057456331;1
0;0.615384615384615;0.60639242982661;1
1;0.384615384615385;0.940723168655216;1
0;0;0.704380020093124;1
1;0.769230769230769;0.395899330734878;1
1;0.692307692307692;0.461407252573604;1
1;0.846153846153846;0.302398055181525;1
1;0.692307692307692;0.3233735721061;1
1;0.615384615384615;0.572233227765024;1
1;0.846153846153846;0.061502977459947;0.129936305732484
1;0.230769230769231;0.284479755797984;1
0;0.538461538461538;0.66313297670758;1
1;0.230769230769231;0.97841996711041;1
0;0.769230769230769;0.134312414995009;0.160509554140127
0;1;0.877395537515871;1
1;0.461538461538462;0.454049138946596;1
0;0.846153846153846;0.21189317834935;0.774522292993631
0;0;0.322365848117594;1
1;0.461538461538462;0.489573002891481;1
1;0.846153846153846;0.130628872409013;0.371974522292994
1;0.153846153846154;0.494611283200351;1
0;0.384615384615385;0.64456703994368;1
1;0.769230769230769;0.245658236997544;0.92484076433121
1;0;0.181064785057954;0.987261146496815
0;0.153846153846154;0.79227503744228;1
0;0.230769230769231;0.877901490290844;1
0;0.153846153846154;0.792543718316563;1
0;0.307692307692308;0.793015798643796;1
0;0.230769230769231;0.717576309212119;1
0;0.461538461538462;0.125519054767817;0.164331210191083
0;0.692307692307692;0.985574615631515;1
0;1;0.25102364709895;0.94140127388535
0;0.230769230769231;0.592864342043111;1
1;0.153846153846154;0.506870960639227;1
1;0.538461538461538;0.0376781154915969;0.0343949044585987
1;0.692307692307692;0.677242908973471;1
1;0.230769230769231;0.786127924196349;1
1;0.153846153846154;0.607631439979056;1
1;0.461538461538462;0.43864933999555;1
1;0.615384615384615;0.444826143208369;1
1;0.846153846153846;0.675922522595034;1
0;0.923076923076923;0.839565334894237;1
1;1;0.911844547619135;1
0;0.461538461538462;0.108072007823586;0.159235668789809
0;0.230769230769231;0.94068743918216;1
0;0.769230769230769;0.156208606932538;0.659872611464968
0;0.384615384615385;0.0870685005282364;0.163057324840764
1;0.615384615384615;0.488659268975493;1
1;0.923076923076923;0.291351879444622;1
1;0.615384615384615;0.139213709471042;0.389808917197452
0;0.692307692307692;0.212826430194612;0.778343949044586
0;0.230769230769231;0.983415659775063;1
0;0.692307692307692;0.367516430006278;1
0;0.0769230769230769;0.210239068906032;0.961783439490446
1;1;0.950824334845539;1
0;0.384615384615385;0.0167159425063303;0.0038216560509554
1;0.0769230769230769;0.353087965693704;1
0;0.538461538461538;0.0407272361158645;0.00764331210191082
1;0.307692307692308;0.304334650746369;1
0;0.461538461538462;0.577477216960385;1
0;0;0.0785139698368314;0.156687898089172
0;0.923076923076923;0.812219230510114;1
1;0.615384615384615;0.509076436631832;1
0;1;0.0820290825366543;0.0038216560509554
1;0.307692307692308;0.538411748681272;1
1;0.230769230769231;0.764355101200458;1
1;0.153846153846154;0.780299924638254;1
1;0.307692307692308;0.978259823449556;1
1;0.615384615384615;0.245731131318424;0.92484076433121
0;1;0.651362028230378;1
1;0.307692307692308;0.580732409565502;1
1;0.461538461538462;0.356718698908195;1
0;0.461538461538462;0.231193323246077;0.870063694267516
0;1;0.738813697063842;1
1;0.230769230769231;0.430075147704864;1
0;0.692307692307692;0.0815247087005189;0.00254777070063693
1;0.461538461538462;0.507218160299203;1
0;0.230769230769231;0.464149839776471;1
0;0.307692307692308;0.51070265786923;1
0;0.538461538461538;0.0144080404853877;0.00254777070063693
1;0.615384615384615;0.594142372776777;1
1;0.0769230769230769;0.864672418626973;1
1;0;0.742878606413598;1
0;0;0.332969558518294;1
0;0.153846153846154;0.274366738254528;0.998726114649681
0;0;0.00708878697320205;0.00127388535031847
0;0;0.592757557467098;1
0;0.307692307692308;0.399965657198113;1
1;1;0.720147278341333;1
0;0.384615384615385;0.394234478386705;1
1;0.0769230769230769;0.827962059535479;1
0;0.846153846153846;0.870326578081592;1
1;0.384615384615385;0.938180311073709;1
0;0.923076923076923;0.216792540862135;0.794904458598726
0;0.615384615384615;0.536874415552958;1
1;1;0.914616350068959;1
0;0.384615384615385;0.761513068039283;1
0;0.846153846153846;0.28319956376675;1
0;0.153846153846154;0.416592998835626;1
1;0.923076923076923;0.392098527507826;1
0;0.153846153846154;0.217050566404459;0.956687898089172
1;0.923076923076923;0.0684790276908502;0.143949044585987
1;0.769230769230769;0.823385327143035;1
0;0.307692307692308;0.899800141208105;1
0;0;0.0981027191829564;0.164331210191083
0;0.615384615384615;0.906198826433966;1
1;0.846153846153846;0.517117867683059;1
0;0.692307692307692;0.369240902823215;1
0;0.153846153846154;0.0111493313594587;0.00254777070063693
1;1;0.818232878217498;1
1;0.692307692307692;0.192139665421564;0.721019108280255
0;0.769230769230769;0.790934162050158;1
1;0.769230769230769;0.345145346050548;1
1;1;0.227314468756691;0.850955414012739
1;0.615384615384615;0.206688348109573;0.756687898089172
0;0.538461538461538;0.233262433418263;0.878980891719745
1;0.384615384615385;0.104520687052867;0.160509554140127
1;0.769230769230769;0.978471881016811;1
0;0.769230769230769;0.985582018857803;1
1;0.307692307692308;0.652187684537;1
0;0.0769230769230769;0.998943564605042;1
0;1;0.902090457744854;1
1;0.615384615384615;0.363461963833805;1
1;0.692307692307692;0.675187842205201;1
1;0.153846153846154;0.256786423888015;0.984713375796178
1;1;0.459567372951602;1
1;0.769230769230769;0.993421127421472;1
0;0.0769230769230769;0.937017435056062;1
1;0.538461538461538;0.420197465589135;1
0;0.461538461538462;0.860204464370531;1
0;0.307692307692308;0.994784202880074;1
1;0.692307692307692;0.0593293857704198;0.123566878980892
1;0.461538461538462;0.66205768566405;1
0;0.230769230769231;0.108443134140907;0.159235668789809
0;0.769230769230769;0.289217127732814;1
0;1;0.890161701375981;1
1;0;0.90993210494676;1
0;0.384615384615385;0.638327513322611;1
0;0.846153846153846;0.549426920014256;1
0;0.307692307692308;0.766045801463752;1
0;0.230769230769231;0.415794762857963;1
1;0.923076923076923;0.0271048415736053;0.00891719745222929
0;0.0769230769230769;0.0273164500402317;0.0101910828025478
1;0;0.962388910883565;1
1;0.307692307692308;0.969000989217281;1
0;0.923076923076923;0.386330132563714;1
1;0.692307692307692;0.00603760812984816;0.00127388535031847
0;0.153846153846154;0.284445656370635;1
0;0.846153846153846;0.155215680690307;0.656050955414013
1;1;0.284747553773457;1
0;0.692307692307692;0.916283477742881;1
0;0.692307692307692;0.803306311733864;1
0;0.153846153846154;0.639603231848489;1
1;0.923076923076923;0.229351612875796;0.861146496815286
0;0.923076923076923;0.577190096624122;1
1;0.692307692307692;0.0931382240375264;0.16687898089172
1;0.384615384615385;0.23286381007064;0.964331210191083
1;0.615384615384615;0.104219014370349;0.160509554140127
0;0.538461538461538;0.770209186553366;1
1;1;0.0554768489301395;0.110828025477707
1;0.846153846153846;0.590800668273086;1
0;0;0.744247302608211;1
1;0.769230769230769;0.274568812987347;0.997452229299363
0;0.307692307692308;0.860598980859483;1
1;0.0769230769230769;0.111950240563854;0.370700636942675
1;0.769230769230769;0.375481326772671;1
1;0.923076923076923;0.133297491941489;0.369426751592357
0;0.0769230769230769;0.871093760404599;1
0;0.846153846153846;0.570557817264854;1
1;0.153846153846154;0.23882959672398;0.969426751592357
0;1;0.567781387544019;1
0;0.384615384615385;0.995339366495598;1
1;0.0769230769230769;0.87564634801424;1
0;0.153846153846154;0.36906155543187;1
0;0.153846153846154;0.621480577985007;1
1;0.307692307692308;0.309568922225684;1
0;0.461538461538462;0.00864918511553042;0.00127388535031847
0;0.0769230769230769;0.917136625461933;1
1;0;0.735606892269813;1
0;0.461538461538462;0.499998641374376;1
0;0.384615384615385;0.823389538296602;1
0;0.692307692307692;0.851131093036037;1
1;0.615384615384615;0.348909317937101;1
1;0.769230769230769;0.726193684030568;1
1;0.0769230769230769;0.478522632833266;1
0;0.153846153846154;0.833994194392007;1
1;0.153846153846154;0.974568277598734;1
1;0.153846153846154;0.44080232065216;1
0;0.307692307692308;0.122418264570481;0.16687898089172
1;0.923076923076923;0.384093829606105;1
0;0.769230769230769;0.580666406763978;1
0;0.615384615384615;0.460529864623127;1
1;0.0769230769230769;0.173766822927827;0.993630573248408
1;1;0.253010359698618;0.947770700636942
0;0.384615384615385;0.747454953893553;1
0;0.153846153846154;0.756740351983052;1
1;0.461538461538462;0.76762382205163;1
1;0.538461538461538;0.898663341432791;1
1;0.846153846153846;0.354764489273075;1
1;0.769230769230769;0.596754276499557;1
1;0.307692307692308;0.521721542733718;1
0;0;0.0385284601359348;0.0369426751592357
0;0.230769230769231;0.272412639242655;0.993630573248408
1;0.0769230769230769;0.634936302070545;1
1;0.923076923076923;0.75454039410308;1
1;0.923076923076923;0.510995906104898;1
1;0.538461538461538;0.620655003528778;1
1;1;0.796908861315816;1
0;0.230769230769231;0.727093920172965;1
0;0.923076923076923;0.522142453965791;1
0;0.307692307692308;0.939340858422781;1
1;0.0769230769230769;0.155113356259321;0.854777070063694
0;0.769230769230769;0.851293011843644;1
1;0.384615384615385;0.583492072731876;1
0;0.384615384615385;0.537449194199721;1
0;0.538461538461538;0.856640397787747;1
1;0.461538461538462;0.155843120554164;0.870063694267516
0;0.153846153846154;0.79562299678564;1
1;0.461538461538462;0.170751632430782;0.996178343949044
0;0.461538461538462;0.267848179470036;0.98343949044586
1;0;0.0678393119841272;0.142675159235669
1;0.461538461538462;0.3783261999325;1
1;0.384615384615385;0.547557716347688;1
1;0.692307692307692;0.147404616611499;0.494267515923567
1;0.153846153846154;0.805605323367431;1
0;0.153846153846154;0.953935443489496;1
1;0.0769230769230769;0.0831967761023967;0.18343949044586
0;1;0.906240979290298;1
0;0.384615384615385;0.706862803731579;1
1;0.692307692307692;0.134322524828452;0.368152866242038
1;0.692307692307692;0.697329502964529;1
0;0.769230769230769;0.151635788412417;0.636942675159236
0;0.0769230769230769;0.764620531049713;1
1;0.461538461538462;0.525344995500441;1
0;0.538461538461538;0.504047388885753;1
0;0.615384615384615;0.493472557570528;1
1;0.230769230769231;0.97924381941392;1
1;0.615384615384615;0.229117107650522;0.859872611464968
0;0.846153846153846;0.260388839584762;0.96687898089172
1;0.615384615384615;0.503178692472531;1
1;0.0769230769230769;0.284754357819244;1
1;1;0.974442470250832;1
0;0.230769230769231;0.29389216358046;1
1;0.846153846153846;0.544086492433156;1
0;0.615384615384615;0.117838855895307;0.165605095541401
1;0.846153846153846;0.962289079343408;1
1;0.692307692307692;0.725633960755267;1
1;0.846153846153846;0.877741802480298;1
0;0.307692307692308;0.763732265646534;1
1;0;0.390513537826437;1
0;0.769230769230769;0.348101355397715;1
1;0.846153846153846;0.703873652394536;1
0;0.769230769230769;0.461026593953376;1
0;0.538461538461538;0.896232577164846;1
1;0.692307692307692;0.64386448314772;1
0;0.692307692307692;0.905451373396279;1
0;0.0769230769230769;0.886969215082103;1
1;0;0.163954852331197;0.996178343949044
1;0.384615384615385;0.546728659368383;1
0;0.923076923076923;0.932684833213527;1
1;0.0769230769230769;0.627483154504487;1
0;1;0.51226825612531;1
1;0.692307692307692;0.0255968874688573;0.00636942675159236
1;1;0.472314686360525;1
1;0;0.467897152746862;1
0;0.538461538461538;0.405514305642625;1
0;0.846153846153846;0.188873495903056;0.714649681528662
1;0.923076923076923;0.0311272314276727;0.0178343949044586
1;0.153846153846154;0.791440416939174;1
0;0.0769230769230769;0.987077134915736;1
1;0.0769230769230769;0.9319511520369;1
0;0.615384615384615;0.353661486817698;1
0;0.0769230769230769;0.447720633560405;1
0;0.923076923076923;0.627852659234748;1
0;0.769230769230769;0.751183636344339;1
1;0.153846153846154;0.919129105619299;1
1;0.615384615384615;0.0411707843235357;0.0445859872611465
0;0.307692307692308;0.443391556397043;1
1;1;0.951907270909126;1
1;0.230769230769231;0.8096335496973;1
1;0.846153846153846;0.463239362308008;1
1;0.384615384615385;0.388543808740671;1
1;0.923076923076923;0.922637531076655;1
1;1;0.688732677563375;1
0;0.538461538461538;0.909244684778022;1
0;0.384615384615385;0.688059944104893;1
1;0.461538461538462;0.174639861542432;0.992356687898089
0;0.230769230769231;0.436298124332128;1
0;0.307692307692308;0.692551992846739;1
1;0.0769230769230769;0.0183624321136507;0.0038216560509554
1;0.153846153846154;0.279421760210188;1
1;0.923076923076923;0.723071946168149;1
1;0.153846153846154;0.956811151100244;1
0;0.615384615384615;0.638232660663634;1
1;0.692307692307692;0.64801339944334;1
1;0;0.896764837618703;1
1;0.230769230769231;0.72623181524272;1
1;0.307692307692308;0.764336010012784;1
1;0;0.484843604721074;1
1;0.615384615384615;0.388228621889943;1
0;1;0.592734015896248;1
0;0.384615384615385;0.206518680588248;0.756687898089172
0;0.846153846153846;0.701663568667143;1
0;0.0769230769230769;0.558565715293777;1
0;0.0769230769230769;0.314967691274921;1
0;0.615384615384615;0.807076680635183;1
0;0;0.297418757414544;1
0;0.230769230769231;0.34419428349688;1
1;0.153846153846154;0.443546628109692;1
1;0.769230769230769;0.843209808713608;1
1;1;0.563134081613248;1
0;1;0.782788662742594;1
1;0.538461538461538;0.836088985446921;1
1;0.923076923076923;0.55757983512847;1
1;0.307692307692308;0.107566615405265;0.159235668789809
0;0.923076923076923;0.97398934579361;1
0;0.923076923076923;0.515856300087344;1
1;0.846153846153846;0.147713033516365;0.499363057324841
1;0.923076923076923;0.685594246839921;1
0;0.769230769230769;0.122011369465712;0.16687898089172
1;1;0.0711633727734689;0.147770700636943
0;0;0.893845754799525;1
0;0.230769230769231;0.556435000468156;1
0;0.384615384615385;0.752255338574508;1
1;0.846153846153846;0.748649160719567;1
1;0.153846153846154;0.446834117530772;1
0;0.769230769230769;0.837018189795333;1
1;0.307692307692308;0.949501923789075;1
0;0.538461538461538;0.638476709919084;1
0;0.769230769230769;0.922355101873717;1
0;1;0.858606832742629;1
0;0.692307692307692;0.525074837936349;1
1;0.615384615384615;0.656541474272251;1
1;0.153846153846154;0.485191363371872;1
0;0.0769230769230769;0.0390991182649276;0.0382165605095541
0;0.846153846153846;0.869779466670722;1
0;0.538461538461538;0.97430953784494;1
0;0.153846153846154;0.470127866215989;1
0;0.769230769230769;0.398716754121658;1
0;0.846153846153846;0.913864385554501;1
1;0.769230769230769;0.264323482840879;0.975796178343949
1;0;0.894822294093153;1
1;0.384615384615385;0.366915809057831;1
0;0.153846153846154;0.385750427973837;1
0;0.538461538461538;0.857212739264949;1
1;0.461538461538462;0.184480580741368;0.984713375796178
1;0.0769230769230769;0.897048374361632;1
0;0;0.223365954663575;0.956687898089172
1;0;0.15832060923767;0.914649681528662
1;1;0.448519845401045;1
1;0.384615384615385;0.630925987711972;1
1;0.846153846153846;0.727606354403295;1
0;0.384615384615385;0.712761409567572;1
0;0.615384615384615;0.662779441679101;1
0;0.384615384615385;0.153493507574376;0.647133757961783
1;0.461538461538462;0.682558823120805;1
0;0.846153846153846;0.645720225625162;1
0;0.153846153846154;0.493424930006475;1
1;0.615384615384615;0.867240660289639;1
0;0.0769230769230769;0.861748466950783;1
0;0.923076923076923;0.0874068458797295;0.0254777070063694
1;0.384615384615385;0.00527238047724112;0.00127388535031847
0;0.461538461538462;0.675885893328659;1
0;0.0769230769230769;0.0359911260864285;0.0292993630573248
0;0.615384615384615;0.310327146148688;1
1;0.538461538461538;0.218620599326687;0.803821656050955
1;0;0.776017614436179;1
0;0.461538461538462;0.92425672747965;1
0;0.538461538461538;0.211788779246531;0.774522292993631
1;0.615384615384615;0.849017686636309;1
1;0.153846153846154;0.45352915599381;1
1;0.0769230769230769;0.652184234200272;1
1;0.615384615384615;0.57907680527986;1
0;0.538461538461538;0.613291685579247;1
1;1;0.0107375830848616;0.00254777070063693
1;0.307692307692308;0.253561531069064;0.982165605095541
1;0;0.544834525748477;1
0;0.846153846153846;0.406183921848349;1
1;0.769230769230769;0.871154523028556;1
1;1;0.814678019861604;1
0;0.461538461538462;0.975886713985381;1
0;0.384615384615385;0.767848167016199;1
0;0.846153846153846;0.330166372674672;1
0;0.538461538461538;0.512137794445284;1
1;1;0.191358933398368;0.719745222929936
1;0.538461538461538;0.172658966282271;0.69171974522293
0;0.384615384615385;0.712983778757131;1
0;0.846153846153846;0.777284533980913;1
0;0.769230769230769;0.133739958502942;0.160509554140127
1;0.846153846153846;0.934420598586447;1
1;0;0.206185044732167;0.965605095541401
1;0;0.427778323113356;1
0;0.0769230769230769;0.984212566991657;1
0;0.769230769230769;0.377442994074956;1
0;0.769230769230769;0.736682230857389;1
0;0.769230769230769;0.0781317988820839;0
0;0.153846153846154;0.139452722220267;0.398726114649681
0;0.0769230769230769;0.662355097156594;1
1;0.230769230769231;0.655632013000179;1
1;0;0.741631369354403;1
0;0.307692307692308;0.155489151437359;0.657324840764331
0;0.923076923076923;0.890584590435681;1
1;0.538461538461538;0.812277883286484;1
1;0.0769230769230769;0.195678945963763;0.974522292993631
1;0.384615384615385;0.886986146639763;1
0;0.461538461538462;0.326584535232954;1
1;0.923076923076923;0.0860783912503036;0.163057324840764
1;0.153846153846154;0.754467377453584;1
1;0.230769230769231;0.116738613347036;0.292993630573248
1;0.0769230769230769;0.0313134271020363;0.0178343949044586
1;0.153846153846154;0.838346754881036;1
0;0.0769230769230769;0.165450197445401;0.998726114649681
0;0.923076923076923;0.97997570201108;1
0;0.153846153846154;0.786123993055922;1
1;0.692307692307692;0.333018390260876;1
0;0.307692307692308;0.731522862744274;1
0;0.307692307692308;0.528649761206436;1
1;0.461538461538462;0.837376093686897;1
0;0.769230769230769;0.995062559407345;1
0;0.153846153846154;0.144436151460348;0.466242038216561
1;0.692307692307692;0.731450771372027;1
0;0.307692307692308;0.789301687092333;1
1;0.615384615384615;0.230801971040509;0.867515923566879
1;0.769230769230769;0.813147271088509;1
1;0.538461538461538;0.645487336871505;1
1;1;0.665590387312472;1
1;0.153846153846154;0.795287169131891;1
1;0.230769230769231;0.0681775770096487;0.143949044585987
1;0.538461538461538;0.530819547799398;1
1;0.153846153846154;0.119664118493921;0.380891719745223
1;0.0769230769230769;0.123594217863875;0.379617834394904
0;0.692307692307692;0.770450913356803;1
0;0.307692307692308;0.482949811673655;1
1;0.230769230769231;0.752174262529879;1
0;0.461538461538462;0.759586700481718;1
1;0.307692307692308;0.675759906719012;1
0;0.461538461538462;0.682130155649825;1
1;0.153846153846154;0.761130566415718;1
1;0.384615384615385;0.378055810024087;1
1;0.384615384615385;0.738617242503819;1
1;0;0.61974581781868;1
1;0.538461538461538;0.731891253163342;1
1;0.769230769230769;0.251578840820382;0.943949044585987
0;0.461538461538462;0.117871790276236;0.165605095541401
1;0.307692307692308;0.49849827079089;1
0;0.461538461538462;0.243250757804646;0.917197452229299
0;0.0769230769230769;0.418058357696842;1
0;0.846153846153846;0.78387814870593;1
1;0.153846153846154;0.649155168592527;1
1;0.0769230769230769;0.991081967710578;1
0;0;0.0273930366916124;0.0101910828025478
1;0.230769230769231;0.81627740022844;1
0;0.923076923076923;0.709394626599897;1
0;0.461538461538462;0.601709634692141;1
0;0.230769230769231;0.948097832173034;1
0;0.0769230769230769;0.707814712160796;1
0;0.692307692307692;0.84792343272619;1
1;0.538461538461538;0.0994228912076143;0.164331210191083
